0.5482169422576116, array([[947.57831706,   0.        , 324.35691989],
       [  0.        , 931.81281943, 181.92066756],
       [  0.        ,   0.        ,   1.        ]]), array([[-1.04348567, -1.08006506,  0.01842679,  0.0285401 , 13.50070332]]), (array([[-0.1380321 ],
       [ 0.87096458],
       [ 1.64707802]]), array([[-0.8119822 ],
       [-0.32760748],
       [-3.02990778]]), array([[ 0.17212752],
       [-0.01881228],
       [ 1.46004978]]), array([[ 0.04731178],
       [ 0.13466282],
       [-1.68319064]]), array([[ 0.11087016],
       [-0.04522528],
       [ 1.44698367]]), array([[0.1972205 ],
       [0.34368027],
       [1.44693268]]), array([[0.20183094],
       [0.3209044 ],
       [1.44601086]]), array([[0.18874043],
       [0.32925331],
       [1.45131524]]), array([[0.20231366],
       [0.31357608],
       [1.45888598]]), array([[0.19213494],
       [0.31172433],
       [1.48017949]]), array([[0.275814  ],
       [0.31763743],
       [1.49250855]]), array([[0.22204688],
       [0.29876929],
       [1.48364692]]), array([[ 0.07311784],
       [ 0.13268459],
       [-1.6333462 ]]), array([[ 0.07236527],
       [ 0.06969932],
       [-1.62767399]]), array([[ 1.49121730e-03],
       [ 3.05608149e-02],
       [-1.63200750e+00]]), array([[0.16361373],
       [0.26766118],
       [1.48941474]]), array([[0.17110318],
       [0.23098359],
       [1.46362014]]), array([[0.17780452],
       [0.26558792],
       [1.45268758]]), array([[0.20188374],
       [0.23725164],
       [1.45789821]]), array([[ 0.06468092],
       [-0.07913912],
       [ 1.47092752]]), array([[ 0.0573272 ],
       [-0.09499035],
       [ 1.48805587]]), array([[ 0.0892292 ],
       [ 0.00697806],
       [-1.62032652]]), array([[ 0.08951906],
       [-0.06129013],
       [-1.57619087]]), array([[-0.03625256],
       [ 0.09096246],
       [-1.59227285]]), array([[-0.01382056],
       [ 0.07496426],
       [ 1.53625789]]), array([[-0.01395073],
       [ 0.07876192],
       [ 1.5370022 ]]), array([[-0.0269279 ],
       [ 0.07198038],
       [ 1.52911541]]), array([[-0.01511136],
       [ 0.06981925],
       [ 1.52376715]]), array([[-0.00625586],
       [ 0.05458087],
       [ 1.52474758]]), array([[ 0.00784891],
       [ 0.07324834],
       [-1.64588178]]), array([[ 0.04333674],
       [ 0.05819517],
       [-1.65518165]]), array([[ 0.0174814 ],
       [ 0.03307982],
       [-1.64396168]]), array([[ 0.07454694],
       [-0.08743608],
       [-1.63792538]]), array([[ 0.07254658],
       [-0.0722217 ],
       [-1.63354834]]), array([[ 0.07740981],
       [-0.08133486],
       [-1.60625099]]), array([[ 0.08669735],
       [-0.06177414],
       [-1.59013458]]), array([[ 0.07862425],
       [-0.07571674],
       [-1.58516439]]), array([[ 0.09439809],
       [-0.08870515],
       [-1.58200281]]), array([[ 0.08208775],
       [-0.08777315],
       [-1.58314206]]), array([[ 0.09331745],
       [-0.09043328],
       [-1.5837713 ]]), array([[ 0.09364449],
       [-0.08147407],
       [-1.58883228]]), array([[ 0.10129575],
       [-0.09680021],
       [-1.58877977]]), array([[ 0.10553872],
       [-0.0922104 ],
       [-1.59011597]]), array([[ 0.10430474],
       [-0.09002261],
       [-1.59112763]]), array([[ 0.10674711],
       [-0.08923663],
       [-1.59160652]]), array([[ 0.11484145],
       [-0.09885063],
       [-1.59701868]]), array([[ 0.10677169],
       [-0.10155809],
       [-1.59589486]]), array([[ 0.12279032],
       [-0.10001656],
       [-1.60121092]]), array([[ 0.11802267],
       [-0.10203977],
       [-1.60396077]]), array([[ 0.11261043],
       [-0.1117526 ],
       [-1.60507814]]), array([[ 0.10130344],
       [-0.08482839],
       [-1.6084282 ]]), array([[ 0.10061428],
       [-0.09547348],
       [-1.60672518]]), array([[ 0.10814191],
       [-0.08598475],
       [-1.61049719]]), array([[ 0.11546791],
       [-0.09499405],
       [-1.61548774]]), array([[ 0.12271336],
       [-0.10172894],
       [-1.61973821]]), array([[ 0.19923388],
       [-0.12572191],
       [-1.68091814]]), array([[ 0.21287098],
       [-0.11868629],
       [-1.67392591]]), array([[-0.12334654],
       [-0.19846163],
       [ 1.45764013]]), array([[-0.12352106],
       [-0.19393792],
       [ 1.46664306]]), array([[ 0.21857215],
       [-0.11861063],
       [-1.64819135]]), array([[ 0.22285677],
       [-0.12606421],
       [-1.64447772]]), array([[ 0.1999097 ],
       [-0.10843849],
       [-1.61288702]]), array([[ 0.15662004],
       [-0.1416201 ],
       [-1.49765631]]), array([[ 0.1447131 ],
       [-0.19651592],
       [-1.49615619]]), array([[ 0.14178704],
       [-0.19408037],
       [-1.49478205]]), array([[ 0.15082108],
       [-0.19738608],
       [-1.52025581]]), array([[ 0.14106498],
       [-0.13236125],
       [-1.55562952]]), array([[-0.10924662],
       [-0.02094543],
       [ 1.57532743]]), array([[-0.1396334 ],
       [ 0.08088455],
       [ 1.55956695]]), array([[-0.10875034],
       [ 0.09922435],
       [ 1.54960767]]), array([[-0.11444133],
       [ 0.09978355],
       [ 1.54176708]]), array([[ 0.09684462],
       [-0.04855208],
       [-1.59447262]]), array([[-0.11899606],
       [ 0.06405489],
       [ 1.53651451]]), array([[ 0.11919959],
       [-0.1992603 ],
       [ 1.60837108]]), array([[-0.2484908 ],
       [ 0.15160371],
       [ 1.60527408]]), array([[-0.27513279],
       [ 0.14494356],
       [ 1.65440602]]), array([[ 0.20509446],
       [-0.085805  ],
       [-1.5381009 ]]), array([[ 0.19834112],
       [-0.07570503],
       [-1.55100975]]), array([[ 0.19661213],
       [-0.07656571],
       [-1.5566636 ]])), (array([[12.17620981],
       [ 4.29717158],
       [35.4712541 ]]), array([[12.00792521],
       [ 1.19315817],
       [33.72130141]]), array([[10.3590434 ],
       [-2.324708  ],
       [31.49549061]]), array([[ 5.93294668],
       [ 1.37457577],
       [31.15932646]]), array([[ 8.80113654],
       [-1.51863593],
       [30.31806333]]), array([[ 6.56215862],
       [-2.27672408],
       [30.25619987]]), array([[ 5.45920545],
       [-2.16453189],
       [29.99544037]]), array([[ 5.05188546],
       [-2.01810142],
       [30.3248444 ]]), array([[ 4.94962438],
       [-2.04232268],
       [30.41335202]]), array([[ 5.33570444],
       [-2.26861718],
       [30.67768398]]), array([[ 7.32538265],
       [-2.18600497],
       [29.86231832]]), array([[ 6.82665737],
       [-4.70590916],
       [29.58156296]]), array([[ 6.07552561],
       [-2.86805727],
       [30.39387414]]), array([[ 6.47338806],
       [-2.8701036 ],
       [30.23695099]]), array([[ 2.53796408],
       [ 2.84432924],
       [39.1263684 ]]), array([[ 5.91477774],
       [-2.10771142],
       [37.97763594]]), array([[ 5.71656787],
       [-2.50409462],
       [37.70965933]]), array([[ 5.75942032],
       [-2.6063836 ],
       [37.54867866]]), array([[ 5.82791538],
       [-2.65791548],
       [37.83706826]]), array([[ 6.21965024],
       [-2.77839572],
       [37.83676393]]), array([[ 5.77996441],
       [-2.62542676],
       [37.212828  ]]), array([[ 0.54543361],
       [ 1.61663771],
       [35.44367249]]), array([[-0.18905154],
       [ 1.43469505],
       [34.67556349]]), array([[-2.49669073],
       [ 0.76692457],
       [33.00676717]]), array([[ 0.53679715],
       [-3.13114068],
       [32.157161  ]]), array([[ 0.44247584],
       [-3.12233019],
       [32.09638736]]), array([[ 2.32964946e-02],
       [-2.99872869e+00],
       [ 3.18198766e+01]]), array([[-0.09923573],
       [-2.92482917],
       [31.75987404]]), array([[-0.14022119],
       [-2.87724822],
       [31.75826678]]), array([[-3.61579468],
       [ 2.34013285],
       [32.06443157]]), array([[-3.1372353 ],
       [ 2.66489578],
       [32.3638883 ]]), array([[-1.78734346],
       [ 2.61879146],
       [33.62268242]]), array([[ 0.09250281],
       [ 2.51816929],
       [34.0138645 ]]), array([[ 1.77062594],
       [ 2.11117626],
       [35.18626524]]), array([[ 2.22422073],
       [ 1.17993824],
       [34.99538339]]), array([[ 1.80447694],
       [ 0.18560211],
       [34.21108394]]), array([[1.58171315e+00],
       [2.02124945e-02],
       [3.37899213e+01]]), array([[ 1.20429348],
       [-0.11166438],
       [33.08596505]]), array([[ 0.84269998],
       [-0.16143989],
       [32.57337729]]), array([[ 0.62733935],
       [-0.18661151],
       [32.19536061]]), array([[ 0.4298103 ],
       [-0.17299208],
       [31.91789916]]), array([[ 0.32892746],
       [-0.17374505],
       [31.66727879]]), array([[ 0.2314433 ],
       [-0.17117036],
       [31.52494904]]), array([[ 0.13612511],
       [-0.17168495],
       [31.38278107]]), array([[ 0.0421646 ],
       [-0.16505495],
       [31.26271297]]), array([[-0.35254762],
       [ 0.05514108],
       [30.66402951]]), array([[-0.41526899],
       [ 0.11379366],
       [30.64421513]]), array([[-0.50933727],
       [ 0.29318674],
       [30.52412411]]), array([[-0.55070194],
       [ 0.39044681],
       [30.51933324]]), array([[-0.59100427],
       [ 0.47966888],
       [30.46625331]]), array([[-0.68362994],
       [ 0.62787943],
       [30.58594254]]), array([[-0.74031194],
       [ 0.68777967],
       [30.4870787 ]]), array([[-0.78991027],
       [ 0.77857126],
       [30.41774473]]), array([[-0.88417348],
       [ 0.96443526],
       [30.12030776]]), array([[-0.9179085 ],
       [ 1.09605479],
       [29.89160573]]), array([[ 0.06586587],
       [ 2.55094376],
       [28.94776705]]), array([[ 3.5485107 ],
       [ 3.80441787],
       [31.02471642]]), array([[ 8.13669624],
       [-0.45754595],
       [32.17014916]]), array([[ 8.57794155],
       [-0.47808833],
       [32.43938009]]), array([[ 5.23013598],
       [ 3.85583083],
       [32.02892372]]), array([[ 5.40071437],
       [ 3.81971964],
       [32.04782968]]), array([[ 6.63560489],
       [ 3.18073193],
       [33.5407672 ]]), array([[ 4.53322331],
       [-0.44966725],
       [31.64591072]]), array([[ 2.08550178],
       [-0.66805651],
       [28.80654236]]), array([[ 1.80227142],
       [-0.70770068],
       [28.55514392]]), array([[-0.23154623],
       [-0.25648118],
       [26.8032719 ]]), array([[-2.04292759],
       [ 0.70478571],
       [26.69115247]]), array([[ 1.71414345],
       [-3.13983529],
       [27.47596057]]), array([[ 0.21204491],
       [-2.41511503],
       [26.93080693]]), array([[-0.20618621],
       [-2.10570911],
       [26.80846419]]), array([[-0.42773035],
       [-1.86947805],
       [26.75261814]]), array([[-4.38832987],
       [ 2.32644895],
       [26.32263397]]), array([[-0.58020015],
       [-1.65790627],
       [26.66174469]]), array([[ 0.26346588],
       [-2.22429347],
       [27.01204157]]), array([[-0.66709999],
       [-3.7255289 ],
       [27.6490067 ]]), array([[-0.46121558],
       [-4.73632288],
       [27.44251661]]), array([[ 2.31873252],
       [-2.4595498 ],
       [29.90431918]]), array([[ 2.61203575],
       [-1.86338001],
       [30.4132769 ]]), array([[ 2.69427946],
       [-1.54949422],
       [30.56081616]])))
